01:32:42 17.51 16.41 15.96
01:33:12 18.94 16.86 16.14
01:33:42 16.12 16.40 16.00
01:34:12 17.37 16.59 16.07
01:34:42 16.90 16.54 16.07
01:35:12 37.41 21.20 17.75
01:35:42 54.39 26.79 19.89
01:36:12 56.62 30.06 21.32
01:36:43 45.24 30.00 21.61
01:37:13 37.89 29.59 21.75
01:37:43 30.05 28.58 21.66
01:38:13 31.53 29.20 22.13
01:38:43 24.99 27.82 21.87
01:39:13 22.56 26.96 21.77
01:39:43 22.55 26.58 21.81
01:40:13 19.03 25.35 21.53
01:40:43 17.41 24.30 21.28
01:41:13 14.69 22.97 20.90
01:41:43 12.53 21.65 20.49
01:42:13 13.49 21.02 20.30
01:42:43 13.81 20.34 20.08
01:43:13 12.15 19.32 19.72
01:43:43 10.67 18.27 19.32
01:44:13 10.12 17.39 18.96
01:44:43 10.78 16.84 18.71
01:45:13 11.42 16.42 18.49
01:45:43 10.68 15.77 18.19
01:46:13 16.44 16.60 18.39
01:46:43 13.59 15.89 18.07
01:47:13 14.56 15.87 17.99
01:47:43 13.86 15.51 17.78
01:48:13 24.11 17.66 18.47
01:48:43 38.75 21.86 19.96
01:49:13 49.96 26.11 21.57
01:49:43 51.66 28.81 22.70
01:50:13 43.85 29.10 23.02
01:50:43 37.92 29.08 23.22
01:51:13 31.45 28.36 23.16
01:51:43 39.15 30.29 24.03
01:52:13 47.00 33.06 25.25
01:52:43 46.33 34.62 26.11
01:53:13 33.72 32.68 25.70
01:53:43 24.57 30.56 25.17
01:54:13 19.39 28.75 24.70
01:54:43 15.72 26.94 24.18
01:55:13 13.08 25.23 23.66
01:55:43 13.26 24.12 23.31
01:56:13 16.94 23.88 23.24
01:56:43 19.06 23.84 23.26
01:57:13 16.06 22.65 22.84
01:57:43 20.44 22.98 22.95
01:58:13 19.38 22.56 22.80
01:58:43 31.85 25.12 23.71
01:59:14 44.00 28.56 25.00
01:59:44 45.58 30.30 25.75
02:00:14 37.85 29.95 25.78
02:00:44 27.89 28.32 25.33
02:01:14 25.29 27.62 25.18
02:01:44 23.84 27.12 25.09
02:02:14 21.39 26.20 24.82
02:02:44 21.24 25.73 24.70
02:03:14 16.27 24.10 24.14
02:03:44 17.44 23.58 23.95
02:04:14 15.42 22.50 23.54
02:04:44 14.94 21.72 23.22
02:05:14 28.74 24.30 24.10
02:05:44 31.10 25.31 24.47
02:06:14 26.69 24.90 24.36
02:06:44 21.01 23.64 23.92
02:07:14 16.66 22.34 23.43
02:07:44 15.92 21.59 23.12
02:08:14 14.25 20.62 22.71
02:08:44 11.50 19.36 22.19
02:09:14 10.74 18.44 21.75
02:09:44 9.56 17.42 21.27
02:10:14 13.08 17.47 21.15
02:10:44 13.49 17.13 20.90
